28|2 	|ADD 	
|9 	|3 	|1 	
|17 	|2 	|SUB 	
|9 	|3 	|2 	
|17 	|2 	|MULT 	
|9 	|3 	|3 	
|17 	|2 	|DIV 	
|9 	|3 	|4 	
|18 	|29 	|2 	|op 	
|17 	|2 	|x 	
|17 	|2 	|y 	
|17 	|2 	|done 	
|18 	|30 	|2 	|calculate 	
|18 	|30 	|2 	|add 	
|18 	|21 	|2 	|x 	
|20 	|2 	|x 	
|4 	|2 	|y 	
|18 	|22 	|18 	|30 	|2 	|sub 	
|18 	|21 	|2 	|x 	
|20 	|2 	|x 	
|5 	|2 	|y 	
|18 	|22 	|18 	|30 	|2 	|mult 	
|18 	|29 	|2 	|c 	
|18 	|21 	|2 	|c 	
|20 	|2 	|y 	
|5 	|3 	|1 	
|18 	|2 	|y 	
|20 	|2 	|x 	
|18 	|25 	|2 	|c 	
|13 	|3 	|0 	
|26 	|21 	|27 	|2 	|add 	
|18 	|2 	|c 	
|20 	|2 	|c 	
|5 	|3 	|1 	
|18 	|22 	|18 	|22 	|18 	|30 	|2 	|div 	
|18 	|21 	|23 	|2 	|y 	
|10 	|3 	|0 	
|24 	|21 	|2 	|x 	
|20 	|2 	|x 	
|7 	|2 	|y 	
|18 	|22 	|33 	|2 	|done 	
|20 	|3 	|1 	
|18 	|22 	|18 	|21 	|23 	|2 	|op 	
|9 	|2 	|ADD 	
|24 	|27 	|2 	|add 	
|33 	|23 	|2 	|op 	
|9 	|2 	|SUB 	
|24 	|27 	|2 	|sub 	
|33 	|23 	|2 	|op 	
|9 	|2 	|MULT 	
|24 	|27 	|2 	|mult 	
|33 	|23 	|2 	|op 	
|9 	|2 	|DIV 	
|24 	|27 	|2 	|div 	
|33 	|2 	|done 	
|20 	|3 	|1 	
|18 	|23 	|2 	|done 	
|9 	|3 	|0 	
|24 	|31 	|2 	|x 	
|18 	|22 	|18 	|21 	|2 	|done 	
|20 	|3 	|0 	
|18 	|32 	|2 	|x 	
|18 	|25 	|2 	|done 	
|9 	|3 	|0 	
|26 	|21 	|32 	|2 	|op 	
|18 	|23 	|2 	|op 	
|11 	|3 	|1 	
|24 	|2 	|done 	
|20 	|3 	|1 	
|33 	|23 	|2 	|op 	
|13 	|3 	|4 	
|24 	|2 	|done 	
|20 	|3 	|1 	
|18 	|23 	|2 	|done 	
|9 	|3 	|0 	
|24 	|21 	|32 	|2 	|y 	
|18 	|27 	|2 	|calculate 	
|18 	|22 	|18 	|22 	|18 	|22 	|19 	